temp_total = [297.7520881734454,296.7271088059992,295.87074458483175,296.2998548414818,295.1152778285814,293.91626206693684,294.8621615086413,287.8295234218698,291.94437618638887,294.46308538334955,296.8549258112172,295.8277307369867,295.63393585360564,287.2438582313134,291.86227603541147,295.4973328725222,299.1695132109944,297.8013028152651,296.9542250142024,286.4889401195325,288.18697013189205,290.4937227035675,292.8761984672811,293.9308836754226,294.7462337640011,295.35333529900845,295.755999267701,295.9817769454383,280.8788345629406,274.29227734282273,266.9892253879328,264.1043610072465,263.9227834774362,263.9227834774362,297.7520881734454,296.6560279268298,295.51172105675823,296.2998548414818,295.1152778285814,294.2811495007795,295.07915821737583,298.9230901307479,295.2235571635583,291.7502095074648,294.10617301901055,294.7462337640011,294.4267251819547,294.4267251819547,294.4267251819547,294.4267251819547,294.4267251819547,294.4267251819547,294.4267251819547,294.4267251819547,300.9015110686277,298.4179299905363,294.0477780646745,290.25108835306906,290.205526607948,290.478575860817,291.7875793650931,292.45779489557236,292.9020583587933,292.94637367262015,292.9020583587933,292.7689915908935,292.7689915908935,292.8133673392827,297.502123150216,295.93164877411834,293.3847491760837,291.6492390998371,289.63418563455775,288.2838729391922,287.37301203534986,287.016437550195,287.016437550195,287.16941785015763,287.42384302911887,287.62689779582996,287.93067596723944,288.18309198586695,295.4541557046446,298.138119153125,302.9251725759382,308.95988114604205,317.21509719170655,323.075801132772,326.19032780638446,326.19032780638446]
luminosity = [1,1,1,1,1,1,1,0.9,0.9,0.9,0.9,0.9,0.9,0.8,0.8,0.8,0.8,0.8,0.8,0.7,0.7,0.7,0.7,0.7,0.7,0.7,0.7,0.7,0.6,0.6,0.6,0.6,0.6,0.6,1,1,1,1,1,1,1,1.1,1.1,1.1,1.1,1.1,1.1,1.1,1.1,1.1,1.1,1.1,1.1,1.1,1.2,1.2,1.2,1.2,1.2,1.2,1.2,1.2,1.2,1.2,1.2,1.2,1.2,1.2,1.3,1.3,1.3,1.3,1.3,1.3,1.3,1.3,1.3,1.3,1.3,1.3,1.3,1.3,1.4,1.4,1.4,1.4,1.4,1.4,1.4,1.4]
black = [493,499,487,332,372,460,473,482,520,580,617,601,598,601,635,694,761,779,764,751,699,673,653,694,726,750,766,775,616,363,103,6,0,0,493,498,482,350,405,465,476,404,355,342,371,379,375,375,375,375,375,375,375,375,375,279,230,165,211,231,263,276,281,280,279,279,280,280,200,124,40,37,28,29,30,33,37,41,46,50,55,59,44,24,3,0,0,0,0,0]
white = [554,589,601,434,507,628,615,606,524,508,471,487,490,487,370,305,242,309,324,337,223,111,0,0,0,0,0,0,0,0,0,0,0,0,554,590,606,452,540,623,612,627,673,746,717,709,713,713,713,713,713,713,713,713,713,677,730,750,797,811,814,812,807,805,805,808,809,808,755,713,683,716,748,776,795,805,809,810,810,810,809,808,756,682,561,425,230,82,0,0]
